====================================================================================================
中继无人机数据.xlsx
sheets: ['数据']
--------------------------------------------------------------------------------
[sheet] 数据  shape=(12, 19)
           0            1               2             3            4            5         6              7          8            9        10         11           12           13      14      15        16          17           18
0      中继机型参数          NaN             NaN           NaN          NaN          NaN       NaN            NaN        NaN          NaN      NaN        NaN          NaN          NaN     NaN     NaN       NaN         NaN          NaN
1        机型编号         机型名称  含能源组件空载总质量（kg）  中继通信模块质量（kg）  计划起飞总质量（kg）  计划巡航速度（m/s）  巡航功率（kW）  能源组件可用能量（kWh）  返航电量下限（%）  工位固定准备时间（s）  建链时间（s）  架次周转时间（s）  最大爬升速度（m/s）  最大下降速度（m/s）  爬升能耗效率  下降能耗效率  悬停功率（kW）  通信附加功率（kW）  最大悬停离地高度（m）
2           R    中继标准测试多旋翼              21           2.5         23.5           15      1.15            3.2         20          180       30        300            4            3    0.72       0      1.05        0.05          300
3         NaN          NaN             NaN           NaN          NaN          NaN       NaN            NaN        NaN          NaN      NaN        NaN          NaN          NaN     NaN     NaN       NaN         NaN          NaN
4   逐架中继无人机清单          NaN             NaN           NaN          NaN          NaN       NaN            NaN        NaN          NaN      NaN        NaN          NaN          NaN     NaN     NaN       NaN         NaN          NaN
5     中继无人机编号         机型编号            初始位置           NaN          NaN          NaN       NaN            NaN        NaN          NaN      NaN        NaN          NaN          NaN     NaN     NaN       NaN         NaN          NaN
6         R01            R             O01           NaN          NaN          NaN       NaN            NaN        NaN          NaN      NaN        NaN          NaN          NaN     NaN     NaN       NaN         NaN          NaN
7         R02            R             O01           NaN          NaN          NaN       NaN            NaN        NaN          NaN      NaN        NaN          NaN          NaN     NaN     NaN       NaN         NaN          NaN
8         NaN          NaN             NaN           NaN          NaN          NaN       NaN            NaN        NaN          NaN      NaN        NaN          NaN          NaN     NaN     NaN       NaN         NaN          NaN
9    共享能源组件库存          NaN             NaN           NaN          NaN          NaN       NaN            NaN        NaN          NaN      NaN        NaN          NaN          NaN     NaN     NaN       NaN         NaN          NaN
10       机型编号  共享能源组件总数（组）     等效完全充电时间（s）           NaN          NaN          NaN       NaN            NaN        NaN          NaN      NaN        NaN          NaN          NaN     NaN     NaN       NaN         NaN          NaN
11          R            6            1800           NaN          NaN          NaN       NaN            NaN        NaN          NaN      NaN        NaN          NaN          NaN     NaN     NaN       NaN         NaN          NaN
====================================================================================================
物资需求与配送时限.xlsx
sheets: ['数据', '逐箱货箱清单']
--------------------------------------------------------------------------------
[sheet] 数据  shape=(54, 9)
        0       1      2         3         4         5       6          7          8
0   服务区编号    物资类型  总需求箱数  首批必须送达箱数  单箱质量（kg）  单箱体积（m³）  应急优先系数  首批截止时间（s）  期望送达时间（s）
1    S001    医疗物资      2         1         3     0.012      24       3600       3600
2    S001     饮用水      8         1        14     0.027      12       3600       3600
3    S001    应急食品      3         0         8     0.028      10        NaN       7200
4    S001  生活卫生用品      2         0         6     0.035       8        NaN      10800
5    S002    医疗物资      1         1         3     0.012      24       3600       3600
6    S002     饮用水      4         1        14     0.027      12       3600       3600
7    S002    应急食品      2         0         8     0.028      10        NaN       7200
8    S002  生活卫生用品      1         0         6     0.035       8        NaN      10800
9    S003    医疗物资      1         1         3     0.012      20       7200       7200
10   S003     饮用水      4         1        14     0.027      10       7200       7200
11   S003    应急食品      2         0         8     0.028       8        NaN      10800
12   S003  生活卫生用品      1         0         6     0.035       6        NaN      14400
13   S004    医疗物资      1         1         3     0.012      20       7200       7200
14   S004     饮用水      3         1        14     0.027      10       7200       7200
15   S004    应急食品      1         0         8     0.028       8        NaN      10800
16   S004  生活卫生用品      1         0         6     0.035       6        NaN      14400
17   S005    医疗物资      1         1         3     0.012      16      10800      10800
18   S005     饮用水      3         1        14     0.027       8      10800      10800
19   S005    应急食品      1         0         8     0.028       6        NaN      14400
20   S005  生活卫生用品      1         0         6     0.035       4        NaN      18000
21   S006    医疗物资      1         1         3     0.012      24       3600       3600
22   S006     饮用水      3         1        14     0.027      12       3600       3600
23   S006    应急食品      1         0         8     0.028      10        NaN       7200
24   S006  生活卫生用品      1         0         6     0.035       8        NaN      10800
25   S007    医疗物资      1         1         3     0.012      24       3600       3600
26   S007     饮用水      2         1        14     0.027      12       3600       3600
27   S007    应急食品      1         0         8     0.028      10        NaN       7200
28   S007  生活卫生用品      1         0         6     0.035       8        NaN      10800
29   S008    医疗物资      1         1         3     0.012      20       7200       7200
30   S008     饮用水      2         1        14     0.027      10       7200       7200
31   S008    应急食品      1         0         8     0.028       8        NaN      10800
32   S008  生活卫生用品      1         0         6     0.035       6        NaN      14400
33   S009    医疗物资      1         1         3     0.012      16      10800      10800
34   S009     饮用水      1         1        14     0.027       8      10800      10800
35   S009    应急食品      1         0         8     0.028       6        NaN      14400
36   S010    医疗物资      1         1         3     0.012      24       3600       3600
37   S010     饮用水      1         1        14     0.027      12       3600       3600
38   S010    应急食品      1         0         8     0.028      10        NaN       7200
39   S011    医疗物资      1         1         3     0.012      16      10800      10800
--------------------------------------------------------------------------------
[sheet] 逐箱货箱清单  shape=(81, 9)
              0      1       2         3         4       5          6          7       8
0          货箱编号  服务区编号    物资类型  单箱质量（kg）  单箱体积（m³）  是否首批保障  首批截止时间（s）  期望送达时间（s）  应急优先系数
1   S001-MED-01   S001    医疗物资         3     0.012       是       3600       3600      24
2   S001-MED-02   S001    医疗物资         3     0.012       否        NaN       3600      24
3   S001-WAT-01   S001     饮用水        14     0.027       是       3600       3600      12
4   S001-WAT-02   S001     饮用水        14     0.027       否        NaN       3600      12
5   S001-WAT-03   S001     饮用水        14     0.027       否        NaN       3600      12
6   S001-WAT-04   S001     饮用水        14     0.027       否        NaN       3600      12
7   S001-WAT-05   S001     饮用水        14     0.027       否        NaN       3600      12
8   S001-WAT-06   S001     饮用水        14     0.027       否        NaN       3600      12
9   S001-WAT-07   S001     饮用水        14     0.027       否        NaN       3600      12
10  S001-WAT-08   S001     饮用水        14     0.027       否        NaN       3600      12
11  S001-FOD-01   S001    应急食品         8     0.028       否        NaN       7200      10
12  S001-FOD-02   S001    应急食品         8     0.028       否        NaN       7200      10
13  S001-FOD-03   S001    应急食品         8     0.028       否        NaN       7200      10
14  S001-HYG-01   S001  生活卫生用品         6     0.035       否        NaN      10800       8
15  S001-HYG-02   S001  生活卫生用品         6     0.035       否        NaN      10800       8
16  S002-MED-01   S002    医疗物资         3     0.012       是       3600       3600      24
17  S002-WAT-01   S002     饮用水        14     0.027       是       3600       3600      12
18  S002-WAT-02   S002     饮用水        14     0.027       否        NaN       3600      12
19  S002-WAT-03   S002     饮用水        14     0.027       否        NaN       3600      12
20  S002-WAT-04   S002     饮用水        14     0.027       否        NaN       3600      12
21  S002-FOD-01   S002    应急食品         8     0.028       否        NaN       7200      10
22  S002-FOD-02   S002    应急食品         8     0.028       否        NaN       7200      10
23  S002-HYG-01   S002  生活卫生用品         6     0.035       否        NaN      10800       8
24  S003-MED-01   S003    医疗物资         3     0.012       是       7200       7200      20
25  S003-WAT-01   S003     饮用水        14     0.027       是       7200       7200      10
26  S003-WAT-02   S003     饮用水        14     0.027       否        NaN       7200      10
27  S003-WAT-03   S003     饮用水        14     0.027       否        NaN       7200      10
28  S003-WAT-04   S003     饮用水        14     0.027       否        NaN       7200      10
29  S003-FOD-01   S003    应急食品         8     0.028       否        NaN      10800       8
30  S003-FOD-02   S003    应急食品         8     0.028       否        NaN      10800       8
31  S003-HYG-01   S003  生活卫生用品         6     0.035       否        NaN      14400       6
32  S004-MED-01   S004    医疗物资         3     0.012       是       7200       7200      20
33  S004-WAT-01   S004     饮用水        14     0.027       是       7200       7200      10
34  S004-WAT-02   S004     饮用水        14     0.027       否        NaN       7200      10
35  S004-WAT-03   S004     饮用水        14     0.027       否        NaN       7200      10
36  S004-FOD-01   S004    应急食品         8     0.028       否        NaN      10800       8
37  S004-HYG-01   S004  生活卫生用品         6     0.035       否        NaN      14400       6
38  S005-MED-01   S005    医疗物资         3     0.012       是      10800      10800      16
39  S005-WAT-01   S005     饮用水        14     0.027       是      10800      10800       8
====================================================================================================
调度中心与服务区.xlsx
sheets: ['数据']
--------------------------------------------------------------------------------
[sheet] 数据  shape=(21, 6)
         0           1           2          3      4           5
0     调度中心         NaN         NaN        NaN    NaN         NaN
1   调度中心编号      调度中心名称       经度（°）      纬度（°）  海拔（m）         NaN
2      O01  凤丹村无人机调度中心  109.230852  23.008509  127.7         NaN
3      NaN         NaN         NaN        NaN    NaN         NaN
4      服务区         NaN         NaN        NaN    NaN         NaN
5    服务区编号       服务区名称       经度（°）      纬度（°）  海拔（m）  本次需保障人口（人）
6     S001   平旺、那龙、镇龙乡  109.243232  23.033593    154        2100
7     S002          上良  109.258552  23.070327  189.5         330
8     S003    六造、那旭、都长  109.168858  23.040271  308.5         275
9     S004          大站  109.238171  23.077841  198.3         188
10    S005    上良、古律、那麓    109.2283  23.056134    165         126
11    S006       六昌、木路  109.199784  23.007714  284.8         121
12    S007    佛子、那桑、银坑  109.192819  23.029419  318.5          76
13    S008       古麻、大站  109.212747  23.079511  240.9          55
14    S009          那龙  109.254142  23.055299    200          45
15    S010         镇龙乡  109.276017  23.019401  321.6          31
16    S011          那从  109.220336  23.031923  182.1          30
17    S012         镇龙乡  109.283136  23.054464  249.8          16
18    S013         镇龙乡  109.271384  23.031088  321.7          14
19    S014         镇龙乡  109.283597   23.00521    321          12
20    S015    六造、那托、那旭  109.192379  23.049455  444.5           3
====================================================================================================
运输无人机数据.xlsx
sheets: ['数据']
--------------------------------------------------------------------------------
[sheet] 数据  shape=(22, 18)
         0           1             2           3           4            5          6          7            8          9            10         11            12           13           14           15      16      17
0    三类机型参数         NaN           NaN         NaN         NaN          NaN        NaN        NaN          NaN        NaN          NaN        NaN           NaN          NaN          NaN          NaN     NaN     NaN
1      机型编号        机型名称  含电池空载总质量（kg）  最大载货质量（kg）  可用装载体积（m³）  计划巡航速度（m/s）  空载标准航程（m）  满载标准航程（m）  电池可用能量（kWh）  返航电量下限（%）  工位固定准备时间（s）  每箱装载时间（s）  接收点基础交接时间（s）  每箱增加交接时间（s）  最大爬升速度（m/s）  最大下降速度（m/s）  爬升能耗效率  下降能耗效率
2         A  中轻载标准测试多旋翼            70          25        0.06           12      25000      20000          4.5         20          300         30           150           30            3          2.5    0.72       0
3         B   中载标准测试多旋翼            65          30       0.073           15      28000      16000            4         20          300         30           150           30            3          2.5    0.72       0
4         C   重载标准测试多旋翼          69.9          80        0.25           15      26000      12000            8         20          300         30           180           36          2.5            2    0.72       0
5       NaN         NaN           NaN         NaN         NaN          NaN        NaN        NaN          NaN        NaN          NaN        NaN           NaN          NaN          NaN          NaN     NaN     NaN
6   逐架无人机清单         NaN           NaN         NaN         NaN          NaN        NaN        NaN          NaN        NaN          NaN        NaN           NaN          NaN          NaN          NaN     NaN     NaN
7     无人机编号        机型编号          初始位置         NaN         NaN          NaN        NaN        NaN          NaN        NaN          NaN        NaN           NaN          NaN          NaN          NaN     NaN     NaN
8       U01           A           O01         NaN         NaN          NaN        NaN        NaN          NaN        NaN          NaN        NaN           NaN          NaN          NaN          NaN     NaN     NaN
9       U02           A           O01         NaN         NaN          NaN        NaN        NaN          NaN        NaN          NaN        NaN           NaN          NaN          NaN          NaN     NaN     NaN
10      U03           A           O01         NaN         NaN          NaN        NaN        NaN          NaN        NaN          NaN        NaN           NaN          NaN          NaN          NaN     NaN     NaN
11      U04           A           O01         NaN         NaN          NaN        NaN        NaN          NaN        NaN          NaN        NaN           NaN          NaN          NaN          NaN     NaN     NaN
12      U05           B           O01         NaN         NaN          NaN        NaN        NaN          NaN        NaN          NaN        NaN           NaN          NaN          NaN          NaN     NaN     NaN
13      U06           B           O01         NaN         NaN          NaN        NaN        NaN          NaN        NaN          NaN        NaN           NaN          NaN          NaN          NaN     NaN     NaN
14      U07           C           O01         NaN         NaN          NaN        NaN        NaN          NaN        NaN          NaN        NaN           NaN          NaN          NaN          NaN     NaN     NaN
15      U08           C           O01         NaN         NaN          NaN        NaN        NaN          NaN        NaN          NaN        NaN           NaN          NaN          NaN          NaN     NaN     NaN
16      NaN         NaN           NaN         NaN         NaN          NaN        NaN        NaN          NaN        NaN          NaN        NaN           NaN          NaN          NaN          NaN     NaN     NaN
17   共享电池库存         NaN           NaN         NaN         NaN          NaN        NaN        NaN          NaN        NaN          NaN        NaN           NaN          NaN          NaN          NaN     NaN     NaN
18     机型编号  共享电池组总数（组）   等效完全充电时间（s）         NaN         NaN          NaN        NaN        NaN          NaN        NaN          NaN        NaN           NaN          NaN          NaN          NaN     NaN     NaN
19        A           6          1800         NaN         NaN          NaN        NaN        NaN          NaN        NaN          NaN        NaN           NaN          NaN          NaN          NaN     NaN     NaN
20        B           4          2400         NaN         NaN          NaN        NaN        NaN          NaN        NaN          NaN        NaN           NaN          NaN          NaN          NaN     NaN     NaN
21        C           4          3000         NaN         NaN          NaN        NaN        NaN          NaN        NaN          NaN        NaN           NaN          NaN          NaN          NaN     NaN     NaN
====================================================================================================
通信链路参数.xlsx
sheets: ['数据']
--------------------------------------------------------------------------------
[sheet] 数据  shape=(16, 5)
            0             1   2      3     4
0   通信系统与端点参数           NaN NaN    NaN   NaN
1        参数类别          参数名称 NaN     符号   参数值
2        传播参数     载波频率（MHz） NaN      f  2400
3        传播参数      系统损耗（dB） NaN   Lsys     3
4        传播参数  地形遮挡附加损耗（dB） NaN   Lobs    10
5        接收参数    接收灵敏度（dBm） NaN  Psens   -98
6        接收参数      衰落裕量（dB） NaN      M     8
7       运输无人机     发射功率（dBm） NaN     Pt    20
8       运输无人机     天线增益（dBi） NaN      G     3
9       中继接入端     发射功率（dBm） NaN     Pt    20
10      中继接入端     天线增益（dBi） NaN      G     6
11      中继回传端     发射功率（dBm） NaN     Pt    19
12      中继回传端     天线增益（dBi） NaN      G     8
13   固定网关 G01     发射功率（dBm） NaN     Pt    27
14   固定网关 G01     天线增益（dBi） NaN      G    12
15   固定网关 G01     天线离地高度（m） NaN     hG    20